NODE          1     -1.9999999494757    9.99999974737875     -9.9999997473787
NODE          2   1.99999994947575     9.99999974737875     -9.9999997473787
NODE          3      -0.1191669207436      6.13808486619431     -9.9999997473787
NODE          4      -4.5694417315361      6.23774718035562    -9.9999997473787
NODE          5       5.99999984842725     9.99999974737875      -9.9999997473787
NODE          6        3.93298573829644  6.655374885029       -9.9999997473787
NODE         94  9.99999974737875      -6.3114706336330     0.22235998004663
NODE         97   9.99999974737875    -2.1076854859024       -1.8311231961410
NODE         99     9.99999974737875      1.90757053907959      1.99618698556275
NODE         100       9.99999974737875    -2.7955232936528      2.78081844850451
NODE         176        5.732869       -6.144891        1.321131
NODE         178        6.242452       -1.941684        6.153045
NODE         211        5.548408         -1.5831        1.936676
NODE          37    -9.9999997473787  -9.9999997473787      5.99999984842725
NODE          38     -5.9999998484272   -9.9999997473787      5.99999984842725
NODE          39     -5.9999998484272     -5.9999998484272     5.99999984842725
NODE          40     -9.9999997473787    -5.9999998484272    5.99999984842725
NODE          73     -9.9999997473787      -9.9999997473787    1.99999994947575
NODE          74       -5.9999998484272       -9.9999997473787     1.99999994947575
NODE          75       -5.9999998484272       -5.9999998484272    1.99999994947575
NODE          76    -9.9999997473787      -5.9999998484272      1.99999994947575
NODE         109     -9.9999997473787    -9.9999997473787    -1.9999999494757
NODE         110      -5.9999998484272     -9.9999997473787      -1.9999999494757
NODE         111   -5.9999998484272     -5.9999998484272     -1.9999999494757
NODE         112    -9.9999997473787      -5.9999998484272    -1.9999999494757
SHELL         1              1       2       3
SHELL         2              3       4       1
SHELL         3              2       5       6
SHELL         4              6       3       2
TETR4       337            178     100     211      99
TETR4       338            211     100      97      99
TETR4       339            100      94     176      97
SOLID        27        73      74      75      76      37      38      39      40
SOLID        28        109     110     111     112      73      74      75      76
